GSR Data
6.41487265
5.74761009
6.29201698
8.19901752
6.37769079
5.76053619
6.30526304
8.26419735
6.36594915
5.72190475
6.3779192
8.23095798
6.34442282
5.72571421
6.36518049
8.19756126
6.30994129
5.79038477
6.40685225
8.30466843
6.21579981
5.70666647
6.37739849
8.11057663
6.18882465
5.68121433
6.37659597
8.12740421
6.1953578
5.73996162
6.39872074
8.11031151
6.1637764
5.73473263
6.41755867
8.06428528
6.09404993
5.73091602
6.4132762
8.11455822
6.0745697
5.70666647
6.52173901
8.13603783
5.97353506
5.72275352
6.53159046
8.01647091
5.99429655
5.75239944
6.49674606
8.13333321
5.94517946
5.72275352
6.54347849
8.07328606
6.12741327
5.9467454
6.63414621
8.31719112
5.92992401
5.71785021
6.578022
8.07547188
5.85526323
16.00921631
9.34492779
15.44578266
5.1192503
4.9943924
10.77397251
9.68929482
4.74844742
4.62786579
10.45791245
9.63376617
4.63552856
4.6349206
10.5898304
9.57881165
5.63265324
6.35550928
7.10747671
8.21718407
5.9028573
5.80813932
6.75955057
8.02347374
5.75700951
5.73128605
6.71140957
7.90069294
5.74392509
5.85518599
16.02304077
10.93002892
4.80162621
5.29514551
11.55197144
9.68146229
4.67567587
4.87751389
11.09027767
9.41221333
4.49535608
4.8148818
11.09375
9.36455727
4.43759632
4.82331514
11.125
9.28643227
4.34603643
4.72531414
10.8344593
9.12376213
4.35626888
4.78584385
11.19791698
9.10123444
4.27051687
4.72351885
11.45583057
9.05405426
4.28637075
4.7649188
11.56737614
9.23750019
4.33023262
4.78039932
11.70357132
9.52185059
4.27426815
4.74187708
11.72857189
9.01222515
4.23195076
4.82214165
11.38965511
9.67934799
6.5999999
6.81318665
8.39095783
8.94162464
6.4596271
6.74509811
8.19270802
8.84634781
6.47302914
6.68614721
8.32717705
8.90886116
6.44421482
6.79385948
8.52419376
9.0874033
6.56813431
6.86725664
8.71780777
9.3028717
6.68365192
7.05191851
8.96918774
9.50133324
6.87826109
7.17620134
9.24137974
9.64150906
6.77896976
7.27314806
9.52941132
9.71544743
7.11856842
7.40140867
9.61424351
10.01666641
7.12053585
7.51904774
9.8132534
10.05292511
7.1775279
7.64337349
9.99082565
10.18873215
7.26757383
7.62019253
10.11111069
10.21186447
7.24716568
7.68280888
10.07692337
10.27272701
7.38709688
7.62019253
10.22118378
10.07520866
7.3770113
7.83046675
10.16718292
10.24858761
7.2961278
7.79901981
9.97568417
10.23943615
7.38390827
7.66183567
10.469841
10.22816944
7.3847928
7.8039217
10.46031761
10.22253513
7.31963491
7.68280888
10.32187462
10.03878117
7.2562356
7.72019482
10.23364449
10.02216053
7.18918896
7.6537528
10.05810356
9.87158489
7.21218967
7.56115103
9.83483505
9.6954174
7.0868597
7.4420805
9.85843372
9.57066631
6.96681404
7.37236547
9.68047333
9.19379807
6.91703033
7.32867146
9.58064556
9.36578941
6.94298267
7.33100224
9.4970932
9.24935055
6.95175457
7.28770304
9.4970932
9.24415588
6.87201738
7.26851845
9.43641663
9.15503883
6.91484737
7.17162466
9.46086979
9.00508881
6.92779016
7.19540215
9.23863602
9.1282053
6.84381771
7.28837204
9.61764717
9.25454521
6.91903734
7.31468534
9.7270031
9.24935055
6.96923065
7.5393796
10.07951069
9.58288765
7.18468475
7.68280888
10.03647423
9.58133316
7.16404486
7.68446589
10.14417171
9.6603775
7.29840565
7.92537308
9.96666622
9.73097801
7.32801819
7.75609779
9.9367466
9.62264156
7.48717928
7.63461542
9.93975925
9.50133324
7.25850344
7.55369949
9.75667667
9.32545948
7.10267878
7.39436626
9.29714298
8.69135761
6.51565742
6.82119226
8.61930275
8.30476189
6.31160879
6.59784937
8.60427761
8.19999981
6.5020833
6.85587597
8.75880718
8.44444466
6.15631247
5.28754568
6.43803406
5.46837616
2.97657204
1.31164384
0.55079156
0.44530386
0.00148736
-0.047053
0.02912116
0.21204579
-0.08317491
-0.08325219
0.37386569
1.05245233
0.44105071
0.12351029
0.11490515
0.24823053
-0.07204199
-0.08499271
0.01235839
0.19802469
-0.09125295
-0.09468599
0.01496388
0.19881599
-0.09296838
-0.09046928
0.00922604
0.19595261
-0.09146629
-0.09139265
0.01024066
0.18888342
-0.09407338
-0.09270883
0.00819252
0.1894685
-0.10874595
-0.09279846
0.02332815
0.1855315
-0.08966494
-0.09604247
0.0133265
0.17864174
-0.09240924
-0.09406657
0.01536885
0.18633235
-0.09202454
-0.0931917
-0.04017217
-0.01545894
-0.02113353
-0.01022893
0.00591133
0.00585938
-0.00341463
-0.0043881
0.00048996
0.00244021
-0.00244021
-0.00292969
0.0
0.00683594
-0.00341463
-0.00390434
-0.00146699
0.00733138
-0.00097656
0.00097561
-0.00293399
0.01527846
0.00294406
-0.00146628
0.00195982
